Category,Country of Nationality,Arrivals (in Numbers),Delhi (Airport),Mumbai (Airport),Chennai (Airport),Haridaspur Land Checkpost,Bengaluru Airport,Kolkata Airport,Hyderabad Airport,Cochin Airport,Others
North America,Canada,351040,55.2,20.8,5.1,0,5.1,1.5,2.9,3,6.4
North America,United States,1456678,31.1,23.1,8.4,0,10.5,2.3,9.6,4.5,10.5
North America,Total,1807718,35.8,22.6,7.8,0,9.5,2.1,8.3,4.2,9.7
Central & South America,Argentina,16345,71.1,9.9,3.5,0,5,1.8,0.8,2.1,5.8
Central & South America,Brazil,26579,53.5,17.9,6,0,8.4,2.1,3.1,2.4,6.6
Central & South America,Mexico,19909,61.8,12.8,4.6,0,9.2,2.1,1.9,2.2,5.4
Central & South America,Others,38252,57.1,18.5,5,0,6.1,2.1,2.5,2.5,6.2
Central & South America,Total,101085,59.3,15.8,4.9,0,7.1,2.2,2.3,2.3,6.1
Western Europe,Austria,33200,49.4,15.6,4.7,0,6.6,2,1.7,9,11
Western Europe,Belgium,44086,38.2,38.3,6.5,0,6.4,1.2,1.7,1.8,5.9
Western Europe,Denmark,28195,45.7,14.9,9.1,0,10.4,1.9,1.4,2.3,14.3
Western Europe,Finland,21239,57.3,7.7,3.4,0,3.7,0.8,1.1,1.8,24.2
Western Europe,France,261653,39,18.4,22.2,0,10.2,1.2,1.2,2.6,5.2
Western Europe,Germany,274087,40.9,22.7,8,0,12.1,1.7,1.5,3.8,9.3
Western Europe,Greece,10656,43.2,16.3,6.8,0,7.5,2.9,4.5,6.6,12.2
Western Europe,Ireland,39276,28.7,15.2,6.8,0,10.2,3.9,4.7,18.8,11.7
Western Europe,Italy,126931,52.7,15.4,6.1,0,5.6,2.2,1.3,2.6,14.1
Western Europe,Netherlands,81615,46.7,26.6,4.7,0,11.5,1.7,2.2,1.5,5.1
Western Europe,Norway,22631,59.5,16,5.7,0,4.7,1.7,1.3,2.1,9
Western Europe,Portugal,74492,14.8,44.5,1.6,0,2.2,0.6,0.6,0.9,34.8
Western Europe,Spain,84356,61.1,15.9,5.3,0,5.8,2,1.3,2.5,6.1
Western Europe,Sweden,46743,47.6,15.9,4.6,0,10.1,2.1,1.8,3.2,14.7
Western Europe,Switzerland,49322,40,24.1,7.8,0,6.6,1.9,1.5,8.1,10
Western Europe,United Kingdom,1029757,29.3,27.1,5.6,0,5.9,1.8,3.2,5.8,21.3
Western Europe,Others,15396,37.1,23,6.6,0.1,8.4,3,2.8,5.3,13.7
Western Europe,Total,2243635,36.5,24,7.8,0,7.5,1.8,2.3,4.7,15.4
Eastern Europe,Czech Republic,13413,50.8,18.6,7.1,0.1,7,2.5,1.5,3.3,9.1
Eastern Europe,Hungary,9201,48.6,18.4,6.6,0,10.4,2.2,2.1,3.1,8.6
Eastern Europe,Kazakhistan,13314,55,1.7,0.7,0,1.1,0.4,0.3,0.8,40
Eastern Europe,Poland,31555,51.4,18.4,5.9,0.1,8.2,2.1,1.6,3,9.3
Eastern Europe,Russian Federation,262309,25,2.6,1.1,0,1.3,0.5,0.4,0.8,68.3
Eastern Europe,Ukraine,26260,39.8,14.9,5,0,4,2.4,1.5,4.3,28.1
Eastern Europe,Others,109997,66.2,7.8,2.8,0,3.6,1.3,1.3,2.4,14.6
Eastern Europe,Total,466049,39.4,6.3,2.3,0,2.8,1,0.8,1.7,45.7
Africa,Egypt,20486,20.9,32.3,8.7,0,7.1,2.5,6.2,8.9,13.4
Africa,Kenya,48845,13.3,60.4,2.4,0,2.6,0.5,3,1,16.8
Africa,Mauritius,42096,29.5,47.7,14.3,0,6.3,0.4,0.2,0.3,1.3
Africa,Nigeria,12067,55.4,25.9,4.6,0,7.5,0.6,2.4,0.9,2.7
Africa,South Africa,58613,27.8,44.8,6.2,0,8.1,1.8,2,4.1,5.2
Africa,Sudan,34712,13.3,55.2,8.1,0,8,0.2,12,1.3,1.9
Africa,United Republic Of Tanzan,23443,16,54.3,6.3,0,6.1,0.3,3.7,0.6,12.7
Africa,Others,110936,33.3,40.9,5.2,0,3.8,1.1,6.7,3.5,5.5
Africa,Total,351198,26.1,46.4,6.6,0,5.5,1,4.7,2.7,7
West Asia,Bahrain,13915,8.7,26.9,12.7,0,6.7,0.5,17.8,12.7,14
West Asia,Iraq,68462,79.6,9.2,1.4,0,6.5,0.1,1.8,0.2,1.2
West Asia,Israel,67366,48.4,40.4,2,0,3,0.7,0.3,0.5,4.7
West Asia,Oman,95160,4.8,29,8,0,6.3,0.1,8.8,29.3,13.7
West Asia,Saudi Arabia,47546,15.8,19.5,3.4,0,14.3,0.3,9.2,21.9,15.6
West Asia,Turkey,33825,42.9,31.6,2.3,0,3.5,0.8,3.1,1,14.8
West Asia,United Arab Emirates,59971,4.4,42.9,2,0,9.6,0.4,26.2,5.8,8.7
West Asia,Yemen,21674,7.9,59.1,1.7,0,12.8,0.2,12.5,2.2,3.6
West Asia,Others,41629,23.8,23.5,6.6,0,15.9,1.5,6.5,10,12.2
West Asia,Total,449548,28.7,29.6,4.1,0,8.1,0.4,8.6,10.9,9.6
South Asia,Afghanistan,153905,98.6,0.6,0.1,0.1,0.1,0.2,0,0,0.3
South Asia,Bangladesh,2256675,0.8,0.3,0.4,45.9,0.1,15.4,0,0,37.1
South Asia,Bhutan,26470,54.2,1.3,0.6,0,0.4,21,0.1,0.1,22.3
South Asia,Iran,35596,44.8,33,1.7,0,10,0.5,2.6,0.9,6.5
South Asia,Maldives,62337,2.6,1.2,4.4,0,15.7,0.1,0.2,17.3,58.5
South Asia,Nepal,174096,68.5,11.6,0.6,0.1,7.6,3.5,0.4,0.3,7.4
South Asia,Pakistan,41659,3.8,8.5,0.4,0,0,0,0,0,87.3
South Asia,Sri Lanka,353684,11.7,7.5,46.1,0,5.3,0.5,0.6,1.3,27
South Asia,Total,3104422,11.7,2.3,5.7,33.4,1.5,11.6,0.1,0.5,33.2
South East Asia,Indonesia,46867,39.4,22,6.8,0,9.4,3.7,2.9,2,13.8
South East Asia,Malaysia,319172,17.2,8.4,24.8,0,5.7,1.6,2.3,6,34
South East Asia,Myanmar (burma),75773,6.5,2.5,4.9,0,0.5,6.8,0.6,0.3,77.9
South East Asia,Philippines,53473,20.7,19.8,9.1,0,9.2,8.7,6,8.9,17.5
South East Asia,Singapore,183581,19.7,19.3,23.6,0,9,2.3,2.4,2.6,21.1
South East Asia,Thailand,166293,25.1,9.6,3.2,0,4,15.2,1.2,0.8,40.9
South East Asia,Vietnam,31427,31.3,8.8,3.3,0,5.3,7.5,1.7,1,41.1
South East Asia,Others,10502,44.1,6,2.5,0,2.2,14.7,1.4,0.5,28.6
South East Asia,Total,887088,20.5,11.8,15.9,0,6,5.5,2.2,3.6,34.5
East Asia,China,281768,53.8,18.7,6.9,0,8.1,5.6,2.6,0.6,3.7
East Asia,Japan,236236,57.8,17.6,8.2,0,8.3,2.4,1.5,0.8,3.4
East Asia,Republic Of Korea,150536,54.8,13.7,13.9,0,7.7,1.9,1.7,0.7,5.6
East Asia,Taiwan,49457,57.3,11.8,8,0,8.8,2.4,1.8,0.8,9.1
East Asia,Others,6571,71.9,5.4,1.8,0,13.9,1.9,0.6,0.4,4.1
East Asia,Total,724568,55.7,16.7,8.8,0,8.2,3.6,1.9,0.7,4.4
Australasia,Australia,346486,38.2,15.7,8.6,0,8.5,3,6.4,8.6,11
Australasia,New Zealand,60664,39.9,25,6.4,0,6.6,2.6,5.7,6.6,7.2
Australasia,Others,5478,44.6,27.1,13.6,0,3.5,4.1,3,1.1,3
Australasia,Total,412628,38.5,17.2,8.3,0,8.1,2.9,6.3,8.4,10.3
Not Classified Elsewhere,Not Classified Elsewhere - Total,10037,51.1,15.1,11.3,0,8.6,3,3.5,2.1,5.3
Grand Total,Grand Total,10557976,28.8,15.7,7.5,9.8,5.8,5.1,3.1,3.2,21
